%YAML:1.0
C1: !!opencv-matrix
   rows: 3
   cols: 3
   dt: d
   data: [ 7.2790813917233788e+02, 0., 2.6888981179940185e+02, 0.,
       7.2635121460456071e+02, 2.5222416904480070e+02, 0., 0., 1. ]
D1: !!opencv-matrix
   rows: 1
   cols: 5
   dt: d
   data: [ 9.7687519973558123e-02, -3.6595522860456042e-01,
       3.1387158680719778e-03, 2.0138751794673642e-03,
       -1.9003962576085067e+00 ]
C2: !!opencv-matrix
   rows: 3
   cols: 3
   dt: d
   data: [ 7.2709018660579432e+02, 0., 3.6658299400270920e+02, 0.,
       7.2670358168747498e+02, 2.4843799184737884e+02, 0., 0., 1. ]
D2: !!opencv-matrix
   rows: 1
   cols: 5
   dt: d
   data: [ 1.6256996651957570e-01, -1.6134323082881314e+00,
       -7.1223882799836694e-04, -2.2032043014483024e-03,
       4.4448983430591058e+00 ]
R: !!opencv-matrix
   rows: 3
   cols: 3
   dt: d
   data: [ 9.9997166695358419e-01, 3.1710943304347947e-03,
       6.8271114548925415e-03, -3.1967525592091132e-03,
       9.9998785659359146e-01, 3.7506583995406042e-03,
       -6.8151348589173674e-03, -3.7723767179775143e-03,
       9.9996966109515162e-01 ]
T: !!opencv-matrix
   rows: 3
   cols: 1
   dt: d
   data: [ -4.7085211293636853e+01, 7.6368952057789474e-01,
       2.7543277139429338e-02 ]
E: !!opencv-matrix
   rows: 3
   cols: 3
   dt: d
   data: [ -5.1165980313958260e-03, -3.0423867237412670e-02,
       7.6356304565044231e-01, -2.9334956807227452e-01,
       -1.7753581251518913e-01, 4.7083970820914516e+01,
       -6.1314811322342544e-01, -4.7087061250289196e+01,
       -1.8181433670654193e-01 ]
F: !!opencv-matrix
   rows: 3
   cols: 3
   dt: d
   data: [ 6.4288082618945139e-08, 3.8308354658281056e-07,
       -7.0973693549005396e-03, 3.6877851340906611e-06,
       2.2366397381655418e-06, -4.3240942930179127e-01,
       4.6617279669964986e-03, 4.3039489761399180e-01, 1. ]
